// нолик    1
// крестик  2
// ничего   3
// куда ход 4

begin
1
1
1
1
4
end

begin
10000
01000
00100
00010
00004
end



begin
2
2
2
2
4
end

begin
20000
02000
00200
00020
00004
end

begin
2
2
4
2
2
end

begin
1
1
4
1
1
end

begin
20000
02000
00400
00020
00002
end

begin
10000
01000
00400
00010
00001
end

begin
2
4
2
2
2
end

begin
300000
010000
004000
000100
000010
000003
end

begin
3
1
4
1
1
3
end

begin
300000
020000
004000
000200
000020
000003
end

begin
3
2
4
2
2
3
end

begin
20000
04000
00200
00020
00002
end

begin
00300
00200
32423
00200
00300
end

begin
30003
02020
00400
02020
30003
end

begin
3
2
4
2
2
3
end

begin
300000
020000
004000
000200
000020
000003
end

begin
3
1
4
1
1
3
end

begin
300000
010000
004000
000100
000010
000003
end

begin
3
1
1
1
4
end

begin
30000
01000
00100
00010
00004
end

begin
30000
34113
00100
00010
00003
end

begin
03000
34113
01000
01000
03000
end

begin
00002
00020
30200
04000
30200
00020
00002
end

begin
00003
00020
30200
04000
30200
00020
00003
end

begin
03000
34223
02000
03000
02000
03000
end

begin
30000
34223
00200
00020
00003
end

begin
03000
34223
02000
02000
03000
end













//end
begin
3
2
2
2
4
end

begin
30000
02000
00200
00020
00004
end

begin
333
323
343
end


begin
1
1
1
1
4
end

begin
10000
01000
00100
00010
00004
end


begin
3
1
1
4
end

begin
3000
0100
0010
0004
end

begin
3
3
1
4
3
end

begin
30000
03000
00100
00040
00003
end


begin
3
2
2
4
end

begin
3000
0200
0020
0004
end